/*--------------------------------*- C++ -*----------------------------------*\
  =========                 |
  \\      /  F ield         | OpenFOAM: The Open Source CFD Toolbox
   \\    /   O peration     | Website:  https://openfoam.org
    \\  /    A nd           | Version:  7
     \\/     M anipulation  |
\*---------------------------------------------------------------------------*/
FoamFile
{
    version     2.0;
    format      ascii;
    class       cellSet;
    location    "constant/polyMesh/sets";
    object      concaveCells;
}
// * * * * * * * * * * * * * * * * * * * * * * * * * * * * * * * * * * * * * //


5325
(
24577 
73735 
73736 
57352 
32777 
57355 
16395 
32781 
16399 
49167 
8209 
49171 
8213 
90135 
40988 
98337 
73762 
73763 
98340 
16421 
98343 
32807 
16425 
32809 
98346 
32811 
57389 
57393 
49201 
98358 
98361 
8249 
98366 
41024 
16449 
41027 
16453 
32839 
32843 
57427 
24660 
49238 
73816 
73819 
73822 
16479 
106592 
106593 
73825 
16481 
16483 
98405 
41061 
98406 
32873 
41065 
73837 
106608 
73840 
98421 
73845 
98422 
49270 
24696 
24699 
57468 
16511 
16515 
41099 
8332 
32910 
106644 
106647 
82071 
82072 
106649 
106652 
73884 
57500 
73885 
24733 
49309 
57502 
24737 
16545 
82087 
106665 
106668 
73900 
73901 
32942 
106671 
8368 
8371 
41140 
49343 
49346 
57539 
24771 
16582 
82123 
82126 
82128 
82131 
41172 
8405 
32981 
41174 
8409 
106720 
82144 
106721 
57569 
82147 
49380 
57573 
82150 
16614 
49384 
90346 
90347 
24812 
33015 
106746 
33018 
8443 
41211 
57601 
90373 
90374 
57606 
24844 
49420 
16653 
24846 
82199 
82200 
41241 
33052 
41245 
57632 
33056 
8484 
57637 
16687 
82225 
16690 
24883 
41273 
90427 
57661 
90430 
41278 
57664 
90433 
57666 
90436 
8516 
33092 
8518 
90448 
24913 
90451 
16724 
24917 
90456 
57688 
16728 
41304 
41309 
49501 
57694 
8555 
57712 
24945 
41333 
24950 
57719 
57720 
41336 
98682 
41338 
98683 
16764 
90495 
90496 
49537 
57732 
57733 
49541 
8585 
98698 
57741 
8589 
90511 
90512 
57744 
24976 
41360 
57745 
57747 
57748 
24981 
33173 
41366 
57751 
57755 
41384 
8617 
49577 
25005 
49581 
98734 
8622 
41391 
25008 
41392 
98737 
74161 
74162 
25010 
98739 
98742 
33209 
41404 
57789 
33213 
41405 
57792 
74177 
57793 
98755 
57795 
57796 
41413 
98758 
57799 
25032 
8648 
41416 
98761 
41417 
41418 
41419 
41420 
57805 
16845 
8653 
106958 
57806 
25038 
41423 
49617 
41427 
49621 
57818 
57819 
25056 
57825 
33249 
74213 
8677 
33253 
25063 
74216 
25064 
8680 
106985 
106986 
74218 
8682 
106987 
74221 
16881 
57843 
25076 
25077 
16885 
41461 
57847 
41464 
41465 
49657 
98810 
74234 
41466 
98811 
41467 
41468 
74237 
25085 
49661 
41471 
74240 
25088 
8704 
25089 
25090 
25091 
82436 
25092 
107013 
82437 
41477 
107014 
8710 
41478 
25095 
33289 
25099 
57869 
33293 
57873 
41490 
41491 
98836 
8728 
16921 
41497 
16925 
107038 
82463 
8735 
82464 
8736 
107041 
49697 
107044 
107047 
57897 
41515 
8748 
57901 
25133 
8749 
41519 
25136 
74289 
25137 
33329 
74290 
25138 
107059 
25139 
25140 
8757 
33333 
107062 
25143 
8760 
8761 
8762 
107067 
8763 
8764 
25149 
25150 
8767 
16961 
8771 
107077 
16965 
41541 
107078 
57927 
57929 
41545 
25162 
74315 
57931 
25163 
25169 
82517 
107094 
82520 
33369 
82523 
115294 
82526 
115295 
41569 
107107 
25187 
8805 
41573 
57959 
25191 
8808 
17001 
8809 
82538 
8810 
57963 
8811 
8812 
82541 
17005 
8815 
82546 
107123 
49780 
8821 
8822 
25213 
41599 
25217 
41601 
8834 
8835 
41603 
57993 
8841 
17041 
90772 
90773 
49816 
82585 
25241 
82586 
8859 
49819 
25245 
8863 
41631 
41635 
90788 
82601 
82602 
33452 
58030 
8885 
25271 
25273 
8889 
25275 
49853 
41665 
49857 
90824 
90827 
90829 
58062 
90832 
33488 
8913 
33491 
8917 
25303 
25307 
90845 
90848 
90851 
49891 
17124 
41702 
99047 
99048 
8943 
8945 
8947 
58101 
33525 
25337 
33529 
99074 
99075 
41734 
17160 
17163 
49932 
8975 
8979 
90900 
90901 
58135 
58138 
33563 
74526 
25374 
74527 
49964 
17197 
41773 
90926 
49966 
17201 
9009 
99128 
74553 
74554 
99131 
58172 
99134 
25406 
58176 
99137 
33604 
99149 
41807 
99152 
41810 
17235 
50003 
99157 
9046 
58212 
33636 
25445 
33638 
74607 
50033 
74610 
41844 
74613 
50037 
9078 
107384 
74616 
41848 
99196 
17276 
99197 
74628 
107399 
74631 
25479 
25482 
33675 
99212 
74636 
99213 
50065 
107410 
107411 
50070 
17308 
41884 
9117 
17310 
107426 
33705 
107435 
25516 
33709 
107438 
82862 
82863 
107440 
25520 
50096 
107443 
74675 
74676 
58293 
50101 
82878 
9151 
107456 
9154 
107459 
74691 
17347 
74692 
107462 
33737 
50125 
33742 
50128 
50130 
25556 
58329 
107485 
58333 
17377 
82914 
9188 
82917 
17381 
82919 
9192 
33768 
50152 
82922 
33773 
41965 
50158 
107510 
82935 
107512 
82938 
82941 
50176 
91137 
58369 
17409 
91138 
33797 
17414 
50183 
33800 
50184 
33802 
9228 
107537 
42001 
50196 
42005 
50197 
91164 
91165 
50205 
115743 
17440 
33824 
50208 
50209 
50210 
50211 
50212 
25637 
17445 
33830 
50215 
50219 
58413 
82990 
82991 
33848 
42041 
17469 
42045 
33855 
17472 
33856 
17474 
83016 
25673 
33868 
25677 
33869 
50253 
50256 
58449 
50257 
91218 
50258 
50259 
50260 
91221 
58453 
33877 
50263 
91224 
17496 
33880 
33881 
33882 
91227 
33883 
33884 
9309 
50269 
17502 
50270 
33887 
42081 
33891 
42085 
91239 
91242 
50282 
50283 
115823 
91247 
17520 
25713 
50289 
25717 
17527 
17528 
58489 
9345 
50307 
17540 
17541 
9349 
33925 
50311 
33928 
33929 
42121 
33930 
33931 
33932 
17549 
42125 
33935 
17552 
99473 
17553 
99474 
17554 
17555 
17556 
33941 
91286 
33942 
91287 
17559 
25753 
17563 
25757 
50333 
99489 
50337 
33954 
33955 
91302 
91303 
9385 
33961 
9389 
42161 
50361 
33979 
17597 
50365 
33983 
17600 
25793 
17601 
17602 
17603 
17604 
99525 
25797 
17607 
99528 
74952 
74953 
99530 
58572 
99533 
17613 
17614 
9425 
9429 
34005 
50391 
74968 
34009 
50393 
99546 
17626 
17627 
50395 
99549 
99552 
17633 
107748 
25833 
58608 
34033 
58611 
17651 
1269 
34037 
115959 
17655 
50423 
1272 
9465 
1273 
1275 
50427 
75004 
1276 
9469 
107775 
75007 
1279 
107777 
75009 
107778 
75012 
42244 
1285 
1286 
17677 
34063 
99601 
75025 
17681 
34065 
99602 
1298 
1299 
34067 
75028 
58645 
75031 
58649 
1305 
50457 
1306 
83227 
107804 
83228 
107805 
9505 
42280 
17705 
1322 
99627 
1323 
42283 
17709 
1327 
34095 
1328 
34099 
107829 
83254 
83255 
107832 
107835 
58683 
25916 
107838 
50494 
1348 
1349 
17735 
75080 
75081 
17737 
1353 
107850 
17739 
107853 
42317 
34129 
42321 
107858 
107868 
107869 
50526 
25952 
1377 
75106 
25955 
116068 
58724 
1381 
17767 
17771 
107884 
83308 
83311 
83314 
42355 
9588 
83317 
34166 
107897 
1407 
83329 
1409 
1411 
83332 
58756 
116101 
25989 
50565 
107913 
83337 
25993 
17801 
107914 
34198 
9624 
9627 
42396 
1439 
1443 
50599 
50602 
91563 
58795 
26027 
91564 
17838 
83376 
83377 
91579 
42428 
9661 
34237 
42430 
83392 
83393 
9665 
1473 
1476 
58825 
50636 
58829 
17870 
50640 
26068 
91615 
34271 
91618 
1506 
34274 
9699 
42467 
91620 
1510 
91623 
58857 
58862 
91636 
26100 
50676 
17909 
26102 
91639 
91642 
99838 
99839 
42497 
34308 
42501 
1542 
58888 
34312 
1545 
9740 
58893 
17943 
99865 
99866 
17946 
26139 
42529 
58917 
42534 
58920 
1577 
58922 
91691 
91692 
9772 
34348 
1581 
9774 
75317 
75318 
26169 
17980 
26173 
58944 
17984 
42560 
91717 
42565 
50757 
58950 
99919 
1615 
75344 
75345 
99922 
1618 
9811 
99925 
99928 
58968 
26201 
42589 
26206 
58975 
58976 
42592 
42594 
99940 
18020 
99943 
50793 
99948 
58988 
58989 
50797 
9841 
1652 
58997 
9845 
59000 
26232 
1656 
42616 
59001 
59003 
59004 
26237 
34429 
42622 
59007 
75398 
75401 
75404 
108174 
75407 
42640 
9873 
50833 
99987 
99988 
26261 
50837 
9878 
42647 
26264 
42648 
26266 
75419 
1692 
108190 
75422 
34465 
100003 
75427 
100004 
42660 
59045 
34469 
42661 
59048 
108201 
59049 
59051 
59052 
42669 
59055 
26288 
9904 
42672 
42673 
42674 
42675 
42676 
59061 
18101 
9909 
59062 
26294 
42679 
108217 
59065 
50873 
59066 
42683 
50877 
59070 
59071 
108226 
59074 
59075 
108229 
83653 
83654 
108231 
26312 
59081 
34505 
108234 
75466 
59082 
75467 
59085 
9933 
34509 
59086 
59087 
26319 
59088 
26320 
9936 
59089 
59090 
9938 
59091 
59092 
83669 
59093 
59094 
108247 
59095 
18137 
108250 
75482 
59098 
75483 
59099 
26332 
108253 
26333 
18141 
42717 
59103 
59104 
42720 
42721 
50913 
59106 
42722 
59107 
42723 
59108 
42724 
59109 
26341 
50917 
59110 
59111 
42727 
59112 
26344 
9960 
59113 
26345 
59114 
26346 
59115 
26347 
59116 
26348 
59117 
1773 
42733 
59118 
9966 
42734 
59119 
26351 
59120 
59121 
34545 
59122 
108275 
26355 
108276 
59124 
59125 
34549 
83705 
59129 
42746 
42747 
83708 
59132 
59133 
83710 
59134 
59135 
59136 
9984 
83713 
59137 
18177 
42753 
59138 
59139 
59140 
59141 
18181 
59142 
59143 
9991 
59144 
9992 
59145 
50953 
59146 
59147 
59148 
59149 
108302 
83726 
59150 
108303 
83729 
59153 
1809 
42771 
83732 
10004 
59157 
26389 
10005 
1813 
42775 
91928 
59160 
26392 
91929 
59161 
26393 
34585 
59162 
26394 
59163 
26395 
59164 
26396 
59165 
10013 
34589 
59166 
59167 
26399 
59168 
10016 
10017 
10018 
10019 
59172 
10020 
59173 
26405 
59174 
26406 
59175 
10023 
108328 
59176 
59177 
18217 
59178 
59179 
10027 
59180 
59181 
18221 
42797 
59183 
59185 
42801 
26418 
91955 
59187 
26419 
91956 
59190 
59191 
59192 
59193 
26425 
1849 
59194 
59195 
59196 
34625 
83781 
83782 
59206 
59207 
59208 
59209 
42825 
59210 
59211 
26443 
59212 
10061 
42829 
59215 
26447 
10064 
18257 
10065 
10066 
59219 
10067 
10068 
18261 
59222 
59223 
10071 
59224 
59225 
59226 
59227 
51036 
10077 
10078 
83807 
26469 
1893 
42855 
92009 
59241 
26473 
42857 
59242 
10090 
59243 
10091 
42859 
92012 
59244 
59245 
59246 
92015 
59247 
59249 
10097 
92018 
59252 
59254 
59255 
59256 
59257 
18297 
59258 
59259 
92030 
51072 
92033 
26497 
10115 
51075 
26501 
92038 
10119 
42887 
1929 
42891 
59276 
59277 
1933 
59278 
59279 
59280 
59282 
34708 
59286 
59288 
59289 
59290 
59291 
59292 
10141 
26527 
26529 
10145 
26531 
51109 
100264 
100265 
42921 
51113 
92077 
92078 
59312 
59313 
1969 
59314 
59315 
59316 
59318 
100280 
34744 
59321 
10169 
59322 
59323 
34747 
59324 
92093 
59325 
10173 
92094 
59326 
26559 
26563 
51147 
18380 
42958 
59348 
59349 
59350 
59351 
10199 
59352 
59353 
10201 
10203 
100316 
59357 
34781 
100319 
75743 
59359 
75744 
59360 
100321 
59361 
26593 
34785 
59362 
59363 
100324 
42990 
75759 
18416 
100337 
18419 
100340 
51188 
100343 
10231 
59385 
59386 
59387 
10235 
59388 
59389 
59391 
59394 
34819 
59396 
2052 
59397 
59398 
26630 
59399 
75795 
51220 
18453 
43029 
75798 
51222 
75800 
18457 
10265 
75803 
59423 
59424 
59425 
59426 
59428 
26662 
100392 
75816 
59432 
2088 
100393 
59434 
75819 
59435 
2091 
59436 
34860 
59437 
75822 
59438 
84018 
84019 
43063 
43066 
18491 
51259 
10302 
100418 
59462 
59463 
59464 
59465 
59466 
59468 
34892 
84045 
26701 
2125 
84046 
34894 
59473 
2129 
59474 
59475 
59476 
51289 
43100 
51293 
10334 
75871 
75872 
43104 
18532 
59502 
59503 
26735 
59504 
59505 
26738 
2163 
34931 
59511 
59512 
2168 
75897 
59513 
51321 
108666 
59514 
59515 
51326 
84099 
18564 
43140 
10373 
84102 
18566 
84105 
84108 
34961 
26772 
59541 
34965 
59542 
59543 
84120 
59544 
26776 
2200 
51352 
59545 
84123 
2204 
59549 
51357 
59550 
59551 
84128 
59552 
59553 
59554 
10407 
10410 
18603 
34993 
51381 
34998 
51384 
51386 
59580 
26812 
2236 
59581 
59582 
59583 
59584 
59585 
2241 
92354 
92355 
59589 
84167 
59591 
84168 
59592 
59593 
18633 
10444 
18637 
10448 
35024 
51408 
92370 
35029 
43221 
51414 
84183 
84184 
2271 
2275 
59621 
59622 
59623 
51432 
59625 
18665 
35053 
18670 
59631 
51439 
59632 
35056 
51440 
59633 
35058 
10484 
92406 
92409 
43257 
92411 
51452 
43261 
51453 
92414 
2305 
2309 
51461 
18696 
35080 
51464 
51465 
51466 
92427 
51467 
108812 
51468 
59661 
26893 
18701 
92430 
59662 
35086 
59663 
51471 
92433 
51475 
100629 
59669 
100630 
59671 
59672 
59673 
35104 
2337 
43297 
18725 
43301 
2342 
35111 
18728 
35112 
18730 
100656 
100657 
26929 
35124 
59701 
26933 
35125 
51509 
59702 
59703 
51512 
59705 
51513 
51514 
51515 
51516 
59709 
35133 
59710 
59711 
51519 
59712 
18752 
2368 
35136 
59713 
35137 
92482 
59714 
35138 
92483 
35139 
35140 
10565 
2373 
51525 
18758 
51526 
35143 
43337 
35147 
76108 
76109 
43341 
51538 
51539 
18776 
26969 
51545 
92508 
59740 
59741 
26973 
2397 
59742 
59743 
18783 
59744 
18784 
2400 
59745 
2402 
2403 
100710 
59750 
76135 
59751 
76136 
59752 
100713 
59753 
10601 
59754 
51563 
100716 
18796 
18797 
10605 
35181 
100719 
51567 
35184 
35185 
43377 
35186 
35187 
35188 
18805 
43381 
2423 
35191 
18808 
2424 
18809 
18810 
100731 
18811 
18812 
35197 
100734 
2430 
35198 
18815 
2431 
27009 
100739 
18819 
59780 
59781 
27013 
51589 
59782 
59783 
59784 
51593 
35210 
35211 
59791 
2447 
59792 
2448 
59793 
10641 
35217 
59794 
10645 
2455 
2456 
43417 
76189 
76192 
51617 
76195 
35235 
2468 
18853 
2469 
51621 
76198 
35239 
18856 
27049 
18857 
100778 
18858 
100779 
18859 
59820 
18860 
59821 
27053 
2477 
59822 
59823 
18863 
2480 
2481 
76210 
2483 
59828 
2484 
76213 
18869 
59830 
18870 
59831 
2487 
108984 
59832 
59833 
10681 
100794 
76218 
59834 
100795 
10685 
35261 
51647 
35265 
51649 
18882 
18883 
51651 
18889 
27089 
59858 
59859 
59860 
59861 
59862 
59864 
35289 
59867 
18907 
84444 
84445 
59869 
2525 
35293 
59870 
59871 
18911 
51679 
59872 
2528 
76257 
10721 
2529 
76258 
2531 
51683 
2532 
10725 
2535 
84460 
43500 
2541 
2542 
76273 
76274 
18933 
35319 
59896 
59897 
18937 
35321 
59898 
2554 
59899 
2555 
35323 
59901 
59905 
2561 
51713 
59907 
59908 
59909 
59910 
59911 
10761 
84496 
43536 
18961 
84499 
2579 
43539 
84501 
18965 
2583 
35351 
84504 
35355 
59933 
59934 
59935 
59936 
59937 
59939 
27172 
84517 
51750 
84520 
59944 
59945 
59946 
84523 
59947 
59948 
59949 
2605 
92719 
18991 
92720 
18993 
2609 
18995 
43573 
35385 
43577 
59971 
59972 
59973 
59974 
51782 
59975 
59976 
27208 
2633 
92746 
92747 
27211 
59980 
2637 
59982 
59983 
19023 
59984 
59985 
59986 
19027 
43611 
84572 
10844 
84573 
35422 
60006 
60007 
2663 
60008 
60009 
2665 
60010 
2667 
60012 
109165 
27245 
51821 
60014 
60017 
27249 
19057 
60019 
60020 
60021 
84598 
60022 
60023 
35454 
92800 
10880 
92803 
10883 
43652 
92806 
2695 
92809 
60041 
60042 
60043 
2699 
60044 
60045 
60047 
51855 
51858 
60051 
27283 
92821 
60053 
60054 
19094 
60055 
92824 
60056 
60057 
60058 
60059 
92829 
43684 
10917 
35493 
43686 
60073 
10921 
2729 
60074 
60075 
60076 
60077 
60078 
60081 
60083 
51892 
60085 
19126 
60088 
51896 
60089 
60090 
60091 
60092 
27324 
60093 
60094 
101055 
101056 
92868 
92869 
35527 
60104 
60105 
60106 
35530 
60107 
10955 
43723 
60108 
60109 
60110 
2766 
101071 
60113 
92884 
92885 
60118 
60120 
60121 
60122 
60123 
60124 
27356 
51932 
60125 
19165 
60126 
27358 
60127 
60128 
60129 
60133 
60134 
60135 
60136 
60137 
43753 
60138 
60139 
60140 
35564 
60141 
43757 
2798 
60144 
35568 
101107 
10996 
60149 
101110 
76534 
76535 
101112 
60152 
60153 
60154 
101115 
60155 
60156 
60157 
60158 
60159 
19199 
60160 
60161 
60162 
19202 
60163 
27395 
60164 
60165 
76550 
60166 
60167 
101128 
60168 
60169 
43785 
60170 
101131 
60173 
101134 
43790 
60176 
60178 
60179 
11028 
35604 
60181 
2837 
60182 
11030 
60183 
60184 
60185 
60186 
60187 
60188 
60189 
60190 
60191 
60192 
60193 
27425 
60194 
60195 
60196 
19236 
60197 
27429 
60199 
60200 
19240 
43816 
76586 
76589 
43821 
52013 
60206 
76591 
60207 
76594 
60210 
60211 
60212 
60213 
60214 
60215 
2871 
60216 
109369 
60217 
60218 
2874 
60219 
11067 
60220 
101183 
76607 
60223 
101184 
60224 
27457 
76610 
76613 
43845 
27462 
60231 
60232 
43848 
84809 
84810 
43850 
60235 
60236 
19276 
60240 
60241 
52049 
60244 
60245 
52053 
101209 
60249 
11097 
2908 
60253 
11101 
60256 
27488 
2912 
43872 
60257 
60259 
84836 
60260 
84837 
27493 
35685 
43878 
60263 
60267 
76662 
76663 
43896 
11129 
52089 
27517 
52093 
11134 
43903 
27520 
43904 
27522 
2948 
35721 
43916 
35725 
43917 
76688 
43925 
27544 
11160 
43928 
43929 
84890 
43930 
43931 
43932 
84893 
19357 
11165 
27550 
43935 
84896 
52129 
84899 
43939 
52133 
84911 
27568 
35761 
84914 
11189 
35765 
84919 
27575 
27576 
11192 
11194 
19393 
27588 
27589 
19397 
43973 
43976 
43977 
52169 
43978 
43979 
43980 
27597 
52173 
43983 
27600 
11216 
27601 
27602 
27603 
27604 
3029 
43989 
11222 
43990 
27607 
93145 
35801 
93146 
27611 
35805 
84958 
84959 
44002 
44003 
11240 
93161 
19433 
44009 
19437 
84974 
84975 
11247 
11248 
52209 
3065 
44027 
11260 
27645 
11261 
3069 
44031 
27648 
27649 
35841 
27650 
27651 
27652 
11269 
35845 
27655 
11272 
11273 
11274 
11275 
11276 
93197 
27661 
27662 
11279 
93200 
19473 
93202 
11283 
93205 
19477 
44053 
60441 
44057 
27674 
27675 
27681 
3105 
93218 
93221 
93224 
35881 
101420 
101421 
44081 
27699 
11317 
44085 
27703 
11320 
19513 
11321 
11322 
11323 
11324 
19517 
11327 
52292 
11333 
11334 
101447 
101448 
27725 
3149 
44111 
27729 
44113 
11346 
11347 
44115 
93273 
11353 
93274 
19553 
76899 
76900 
52328 
27753 
11371 
52331 
27757 
11375 
44143 
3185 
93299 
44147 
3189 
35964 
101501 
76926 
109695 
76927 
101504 
101507 
11397 
101510 
27783 
27785 
11401 
27787 
52365 
44177 
52369 
101522 
101525 
3225 
101530 
36000 
11425 
36003 
11429 
27815 
27819 
52403 
76980 
19636 
44214 
76983 
76986 
76989 
11455 
101569 
11457 
101570 
11459 
36037 
77001 
27849 
36041 
77004 
101585 
77009 
101586 
44246 
19672 
19675 
52444 
11487 
11491 
36075 
3308 
27886 
85235 
85236 
77048 
77049 
52476 
19709 
44285 
52478 
19713 
11521 
85251 
77064 
77065 
27918 
3344 
3347 
36116 
44319 
44322 
19747 
52515 
11558 
85287 
85290 
85292 
85295 
36148 
27957 
3381 
36150 
3385 
85308 
85311 
52545 
85314 
44356 
52549 
93510 
11590 
93511 
44360 
19788 
27991 
27994 
3419 
36187 
93537 
52577 
93538 
52582 
19820 
44396 
11629 
19822 
85363 
85364 
36217 
28028 
36221 
28032 
52608 
3460 
52613 
85389 
11663 
11666 
19859 
93591 
36249 
93594 
93597 
52637 
36254 
93600 
52640 
52642 
28068 
3492 
93612 
93615 
19889 
93620 
11700 
19893 
11704 
36280 
52664 
36285 
44477 
52670 
3531 
52688 
19921 
36309 
101846 
19926 
101847 
52695 
36312 
52696 
36314 
93659 
93660 
11740 
44513 
52708 
44517 
52709 
101862 
3561 
93675 
3563 
93676 
3565 
52717 
19952 
36336 
52720 
52721 
52722 
52723 
52724 
28149 
19957 
36342 
52727 
52731 
36360 
3593 
44553 
101898 
101901 
77325 
19981 
44557 
77326 
3598 
101903 
36367 
19984 
36368 
101906 
19986 
28185 
36380 
77341 
28189 
36381 
52765 
101919 
52768 
52769 
101922 
52770 
52771 
52772 
101925 
36389 
52775 
20008 
3624 
36392 
36393 
36394 
36395 
36396 
11821 
3629 
52781 
20014 
52782 
36399 
44593 
36403 
44597 
52794 
52795 
20032 
77377 
28225 
52801 
77380 
28229 
3653 
77382 
20039 
20040 
3656 
77385 
3658 
11857 
52819 
20052 
20053 
11861 
36437 
101974 
77398 
101975 
52823 
36440 
77401 
36441 
44633 
36442 
36443 
77404 
36444 
20061 
44637 
36447 
85600 
20064 
3680 
85601 
20065 
20066 
20067 
20068 
36453 
3686 
36454 
20071 
28265 
20075 
28269 
52845 
102000 
52849 
36466 
36467 
3704 
11897 
36473 
85627 
85628 
11901 
3711 
3712 
44673 
52873 
36491 
3724 
77453 
20109 
3725 
52877 
77454 
36495 
20112 
28305 
20113 
3729 
20114 
20115 
20116 
28309 
3733 
20119 
3736 
3737 
3739 
3740 
20125 
20126 
3743 
11937 
11941 
36517 
77479 
52903 
36521 
52905 
20138 
20139 
52907 
85681 
20145 
85684 
85687 
28345 
85690 
36545 
20163 
3781 
36549 
85702 
20167 
52935 
3784 
85705 
11977 
3785 
3787 
52939 
3788 
11981 
85710 
3791 
44756 
3797 
3798 
20189 
36575 
20193 
36577 
3810 
3811 
36579 
3817 
52969 
93936 
93937 
12017 
85749 
85750 
44792 
20217 
3835 
44795 
20221 
3839 
36607 
93952 
36611 
85765 
85766 
28428 
53006 
3861 
20247 
20249 
3865 
20251 
44829 
36641 
44833 
93988 
93991 
93993 
93996 
53038 
28464 
3889 
28467 
3893 
20279 
94009 
20283 
94012 
94015 
102211 
44867 
102212 
12100 
36678 
3919 
3921 
3923 
28501 
53077 
28505 
20313 
102238 
102239 
36710 
12136 
12139 
44908 
3951 
94064 
94065 
3955 
53111 
77690 
53114 
77691 
28539 
20350 
94090 
44940 
12173 
36749 
44942 
12177 
3985 
102292 
77717 
77718 
102295 
102298 
61339 
53148 
102301 
20382 
53152 
28580 
102313 
102316 
36783 
102321 
36786 
12211 
44979 
4022 
28612 
53188 
20421 
28614 
77771 
77774 
77777 
45009 
77780 
36820 
45013 
4054 
102360 
36824 
102361 
12252 
77792 
77795 
20455 
102376 
77800 
102377 
20458 
28651 
45041 
45046 
61432 
12284 
36860 
4093 
12286 
28681 
86026 
86027 
20492 
28685 
77839 
77840 
20496 
45072 
45077 
53269 
86042 
77855 
4127 
77856 
4130 
12323 
28713 
45101 
28718 
45104 
45106 
20532 
53305 
53309 
86078 
86081 
12353 
86083 
4164 
12357 
86086 
4168 
28744 
45128 
28749 
36941 
45134 
86099 
86102 
86105 
94301 
94302 
45152 
12385 
53345 
28773 
53349 
12390 
45159 
61544 
28776 
45160 
28778 
4204 
36977 
45172 
36981 
45173 
94328 
94329 
45181 
12416 
28800 
45184 
45185 
45186 
45187 
45188 
20613 
12421 
28806 
45191 
53385 
86154 
86155 
45195 
53389 
61590 
28824 
37017 
12445 
37021 
28831 
12448 
28832 
12450 
86180 
20649 
28844 
20653 
28845 
45229 
94382 
45232 
94385 
45233 
53425 
45234 
45235 
94388 
45236 
28853 
53429 
94391 
45239 
12472 
28856 
28857 
28858 
28859 
28860 
4285 
45245 
12478 
45246 
28863 
37057 
94403 
61635 
28867 
37061 
94406 
45258 
94411 
45259 
12496 
20689 
45265 
20693 
12503 
12504 
53465 
61662 
4321 
45283 
12516 
12517 
4325 
28901 
45287 
28904 
28905 
37097 
28906 
28907 
28908 
102637 
12525 
37101 
102638 
28911 
12528 
12529 
94450 
12530 
94451 
12531 
12532 
28917 
28918 
12535 
20729 
12539 
102653 
20733 
45309 
45313 
94466 
28930 
94467 
28931 
4361 
28937 
37137 
45337 
28955 
12573 
45341 
28959 
12576 
102689 
20769 
12577 
12578 
12579 
102692 
78116 
12580 
78117 
20773 
102694 
12583 
102697 
53548 
12589 
12590 
78132 
4405 
28981 
102710 
45367 
102713 
28985 
45369 
12602 
12603 
45371 
102716 
12609 
20809 
53584 
29009 
12627 
53587 
29013 
12631 
45399 
78168 
4441 
78171 
45403 
78173 
4445 
78176 
37220 
102765 
78189 
12653 
102766 
29039 
78192 
12657 
29041 
78195 
61811 
29043 
53621 
86391 
86392 
45433 
53625 
4481 
102791 
37256 
12681 
37259 
12685 
29071 
86418 
86419 
29075 
53659 
20892 
45470 
78244 
78245 
12711 
12713 
12715 
37293 
29105 
37297 
78270 
45502 
20928 
20931 
53700 
12743 
86472 
86475 
12747 
86478 
86481 
37331 
4564 
29142 
86493 
86496 
53732 
86501 
20965 
45541 
53734 
20969 
12777 
70128 
29174 
4600 
4603 
37372 
94727 
45575 
94728 
45578 
21003 
53771 
86540 
86541 
12814 
94743 
86556 
37404 
86557 
4637 
29213 
37406 
4641 
53801 
45612 
53805 
12846 
45616 
21044 
94779 
94782 
29247 
94784 
29250 
94787 
4675 
37443 
53833 
53838 
94800 
94803 
21076 
45652 
12885 
94806 
21078 
103002 
103003 
37473 
29284 
37477 
29288 
53864 
4716 
53869 
103029 
103030 
12919 
12922 
21115 
37505 
53893 
37510 
94855 
94856 
53896 
53898 
4748 
29324 
78481 
78482 
21145 
12956 
21149 
12960 
37536 
53920 
94881 
37541 
45733 
53926 
103083 
78508 
78509 
103086 
103089 
4787 
103092 
53944 
21177 
37565 
21182 
53951 
103104 
70336 
37568 
53952 
37570 
103107 
12996 
103112 
45769 
53964 
45773 
53965 
4817 
4821 
53973 
21208 
37592 
53976 
53977 
53978 
53979 
53980 
21213 
29405 
37598 
53983 
78562 
53987 
78565 
78568 
78571 
103151 
103152 
37616 
4849 
45809 
21237 
45813 
4854 
78583 
37623 
21240 
37624 
78586 
21242 
103167 
78591 
103168 
29441 
37636 
29445 
37637 
54021 
54024 
54025 
54026 
54027 
54028 
37645 
54031 
21264 
4880 
37648 
37649 
37650 
37651 
37652 
13077 
4885 
54037 
21270 
54038 
37655 
45849 
37659 
45853 
86817 
86818 
54050 
54051 
78630 
78631 
21288 
29481 
54057 
4909 
29485 
21295 
21296 
4912 
86833 
4914 
78646 
78647 
13113 
54075 
21308 
21309 
13117 
37693 
54079 
37696 
37697 
45889 
37698 
37699 
37700 
21317 
45893 
37703 
21320 
4936 
21321 
21322 
21323 
21324 
37709 
4942 
37710 
21327 
29521 
21331 
86869 
29525 
54101 
86872 
54105 
86874 
37722 
37723 
86877 
4960 
13153 
37729 
13157 
4967 
4968 
45929 
86890 
86893 
86896 
54129 
37747 
95092 
4980 
95093 
21365 
4981 
54133 
37751 
21368 
21369 
29561 
21370 
62331 
21371 
21372 
4989 
29565 
21375 
4992 
4993 
4995 
4996 
21381 
21382 
4999 
13193 
70538 
13197 
37773 
95119 
54159 
95120 
37777 
54161 
21394 
21395 
54163 
62359 
21401 
86945 
29601 
86946 
37801 
21419 
5037 
37805 
21423 
54191 
5040 
13233 
5041 
5043 
54195 
5044 
13237 
5047 
86971 
46012 
5053 
5054 
95173 
21445 
37831 
95176 
21449 
37833 
5066 
95179 
5067 
37835 
95182 
5073 
54225 
13273 
95194 
62426 
95197 
46048 
21473 
95202 
5091 
46051 
21477 
5095 
37863 
37867 
29684 
54262 
5117 
21503 
21505 
5121 
21507 
103428 
103429 
46085 
95241 
37897 
46089 
95242 
103444 
54294 
29720 
95257 
5145 
95258 
29723 
5149 
21535 
21539 
46123 
13356 
37934 
5175 
103480 
5177 
103483 
78907 
5179 
78908 
103485 
29757 
54333 
70719 
103488 
21569 
29761 
78923 
103501 
37966 
103504 
13392 
103507 
13395 
46164 
5207 
5211 
54367 
54370 
29795 
21606 
78959 
78962 
78964 
46196 
13429 
38005 
46198 
78967 
13433 
5241 
103556 
78980 
54404 
103557 
21638 
78983 
54408 
78986 
29836 
87182 
87183 
38039 
38042 
13467 
46235 
103582 
5278 
87209 
87210 
29868 
54444 
21677 
29870 
46265 
79035 
79036 
38076 
46269 
5310 
38080 
13508 
21711 
21714 
29907 
79061 
46297 
46302 
87263 
87266 
13540 
38116 
87269 
5349 
13542 
87272 
29937 
87284 
21748 
29941 
87287 
21752 
46328 
87292 
46333 
54525 
5383 
5386 
13579 
29969 
46357 
29974 
46360 
46362 
21788 
95518 
95519 
54561 
87331 
87332 
54565 
13609 
5420 
13613 
95534 
5424 
30000 
46384 
87347 
87348 
30005 
38197 
46390 
46408 
13641 
54601 
30029 
54605 
13646 
46415 
30032 
46416 
95570 
30034 
5460 
95573 
95575 
38233 
95578 
46428 
38237 
46429 
46437 
95591 
13672 
30056 
46440 
46441 
95594 
46442 
46443 
46444 
95597 
21869 
13677 
30062 
46447 
103793 
54641 
103794 
46451 
54645 
30080 
38273 
13701 
38277 
30087 
13704 
30088 
13706 
103820 
103821 
21905 
30100 
21909 
30101 
46485 
46488 
46489 
54681 
46490 
46491 
46492 
30109 
54685 
95646 
95647 
46495 
13728 
30112 
30113 
30114 
30115 
30116 
5541 
46501 
13734 
46502 
30119 
79272 
79273 
38313 
30123 
38317 
46514 
46515 
95672 
13752 
21945 
46521 
21949 
13759 
13760 
54721 
103874 
79299 
79300 
103877 
103880 
5577 
103883 
46539 
13772 
13773 
5581 
30157 
46543 
30160 
30161 
38353 
30162 
30163 
30164 
13781 
38357 
103895 
30167 
13784 
13785 
103898 
13786 
13787 
13788 
30173 
30174 
103903 
13791 
21985 
13795 
21989 
46565 
46569 
30186 
30187 
5617 
30193 
79353 
38393 
79356 
79359 
46593 
79362 
30211 
13829 
46597 
103942 
103943 
30215 
13832 
22025 
13833 
13834 
13835 
13836 
22029 
79374 
13839 
79377 
54804 
13845 
103958 
79382 
13846 
103959 
5661 
30237 
46623 
30241 
46625 
13858 
13859 
46627 
13865 
63018 
22065 
87608 
54840 
87609 
30265 
13883 
54843 
79421 
30269 
79422 
13887 
46655 
5697 
46659 
5701 
87624 
38476 
79437 
79438 
13909 
30295 
13913 
30297 
30299 
54877 
46689 
54881 
5737 
87660 
87663 
38512 
87665 
13937 
38515 
87668 
13941 
30327 
30331 
87681 
112258 
54915 
87684 
22148 
46726 
87687 
95883 
95884 
13967 
13969 
13971 
38549 
30361 
38553 
95910 
46758 
95911 
22184 
22187 
54956 
13999 
14003 
87736 
87737 
38587 
5820 
30398 
71363 
54988 
22221 
46797 
54990 
22225 
14033 
87762 
95964 
71390 
30430 
95967 
63199 
71392 
5856 
95970 
5859 
38628 
95973 
46831 
95985 
46834 
22259 
55027 
95988 
14070 
95993 
71419 
38660 
5893 
30469 
38662 
5897 
55057 
71443 
46868 
55061 
71446 
14102 
46872 
71449 
104219 
104220 
71452 
22300 
96032 
96033 
30503 
71464 
30506 
104235 
71467 
5931 
38699 
112431 
96048 
71472 
96049 
55089 
55094 
71483 
22332 
46908 
14141 
22334 
38729 
71499 
30540 
38733 
104271 
30544 
55120 
104274 
79698 
79699 
104276 
5972 
55125 
104279 
71512 
14175 
79714 
14178 
22371 
104292 
104295 
71528 
38761 
104298 
55149 
38766 
55152 
55154 
6004 
30580 
6006 
22401 
14212 
22405 
79750 
14216 
38792 
55176 
79753 
79755 
38797 
46989 
79758 
55182 
104347 
79771 
6043 
104348 
79774 
55200 
79777 
22433 
87973 
38821 
87974 
22438 
55207 
38824 
55208 
38826 
63403 
14252 
47025 
55220 
104373 
47029 
55221 
6073 
6077 
55229 
88000 
22464 
38848 
55232 
88001 
55233 
55234 
55235 
55236 
22469 
30661 
38854 
55239 
55243 
79826 
79827 
38872 
6105 
47065 
22493 
47069 
6110 
38879 
22496 
38880 
22498 
30697 
79852 
38892 
30701 
38893 
55277 
55280 
55281 
55283 
55284 
38901 
88054 
55287 
22520 
6136 
38904 
88057 
38905 
38906 
38907 
88060 
38908 
14333 
6141 
55293 
22526 
55294 
88063 
38911 
47105 
38915 
47109 
55306 
88075 
55307 
88078 
22544 
30737 
55313 
88083 
6165 
30741 
22551 
22552 
6168 
6170 
14369 
55331 
22564 
22565 
14373 
38949 
55335 
38952 
38953 
47145 
38954 
38955 
38956 
22573 
47149 
38959 
22576 
6192 
22577 
22578 
22579 
22580 
96309 
38965 
96310 
6198 
38966 
22583 
30777 
88122 
88123 
22587 
55357 
30781 
55361 
38978 
38979 
96325 
6216 
14409 
38985 
88138 
88139 
14413 
6223 
6224 
47185 
55385 
39003 
6236 
55389 
22621 
6237 
39007 
22624 
22625 
30817 
22626 
22627 
22628 
6245 
30821 
22631 
6248 
96361 
6249 
6251 
96364 
6252 
71789 
22637 
96366 
22638 
6255 
96369 
14449 
6259 
14453 
39029 
55415 
55417 
39033 
22650 
63611 
55419 
22651 
71804 
96382 
96385 
22657 
96388 
104584 
71816 
104585 
30857 
39057 
22675 
6293 
39061 
71831 
55447 
22679 
6296 
14489 
6297 
6298 
55451 
6299 
6300 
14493 
6303 
71840 
104611 
71843 
104612 
47268 
71845 
6309 
6310 
71848 
22701 
112814 
39087 
22705 
39089 
6322 
6323 
39091 
96437 
71861 
96438 
71864 
55481 
6329 
71867 
80063 
80064 
14529 
47304 
22729 
6347 
47307 
22733 
96463 
6351 
39119 
71890 
39123 
104665 
80090 
80091 
104668 
30940 
55518 
104671 
104674 
6373 
22759 
22761 
6377 
71915 
22763 
71917 
47341 
104686 
104689 
39153 
47345 
104694 
55550 
30976 
6401 
30979 
6405 
71942 
22791 
22795 
80144 
80147 
47379 
14612 
80150 
39190 
80153 
104733 
104734 
6431 
6433 
6435 
80165 
55589 
31013 
80168 
22825 
31017 
104749 
80173 
104750 
39222 
14648 
14651 
47420 
6463 
6467 
55623 
55626 
31051 
22862 
88399 
88400 
80212 
80213 
112986 
47452 
14685 
39261 
47454 
88415 
14689 
6497 
80228 
80229 
55660 
22894 
55664 
31092 
39295 
39298 
88451 
14723 
47491 
88454 
6534 
88456 
88459 
55700 
31124 
22933 
31126 
88472 
88475 
88478 
47521 
96674 
96675 
39332 
47525 
6566 
39336 
14764 
22967 
22970 
31163 
96701 
96702 
47553 
47558 
14796 
39372 
6605 
14798 
88527 
88528 
72153 
31193 
72154 
23004 
31197 
23008 
47584 
55781 
47589 
88553 
6639 
6642 
96755 
14835 
72180 
72181 
96758 
72182 
96761 
31225 
96764 
47613 
31230 
47616 
47618 
23044 
96776 
55817 
96779 
55821 
96784 
72209 
14865 
6676 
14869 
6680 
31256 
47640 
31261 
39453 
47646 
72234 
72237 
72240 
47664 
55857 
14897 
105010 
105011 
72243 
31285 
14902 
96823 
47671 
96824 
31288 
47672 
31290 
6716 
72255 
39489 
105026 
72258 
47684 
39493 
47685 
96839 
72263 
96840 
47693 
14928 
31312 
47696 
72273 
47697 
47698 
47699 
47700 
23125 
14933 
31318 
47703 
47707 
55901 
72289 
105062 
31336 
105065 
80489 
39529 
80490 
105067 
14957 
39533 
105070 
72302 
72303 
31343 
14960 
31344 
14962 
80505 
23161 
105083 
31356 
23165 
31357 
47741 
105086 
47744 
105089 
55937 
47745 
47746 
47747 
47748 
55941 
31365 
47751 
14984 
31368 
31369 
31370 
31371 
31372 
6797 
47757 
14990 
47758 
31375 
39569 
31379 
39573 
47770 
47771 
80541 
80544 
15008 
23201 
47777 
80546 
80549 
23205 
15015 
15016 
55977 
6833 
105138 
80562 
105139 
47795 
15028 
80565 
15029 
6837 
31413 
47799 
80568 
31416 
31417 
39609 
31418 
31419 
88764 
31420 
88765 
15037 
39613 
31423 
15040 
15041 
15042 
15043 
15044 
31429 
31430 
15047 
23241 
15051 
105164 
23245 
47821 
47825 
31442 
31443 
88791 
88792 
6873 
31449 
6877 
39649 
80617 
47849 
80618 
31467 
15085 
47853 
31471 
15088 
23281 
15089 
15090 
15091 
15092 
23285 
15095 
113403 
56060 
15101 
15102 
6913 
80643 
6917 
31493 
47879 
31497 
47881 
15114 
15115 
47883 
88845 
88848 
15121 
88851 
88854 
23321 
56096 
31521 
88866 
56099 
15139 
88869 
31525 
15143 
47911 
6953 
88874 
47915 
6957 
113455 
39732 
15165 
31551 
15169 
31553 
31555 
56133 
56137 
47945 
97100 
97101 
88913 
6993 
88914 
39768 
15193 
39771 
97116 
15197 
31583 
88929 
88930 
31587 
56171 
23404 
47982 
15223 
15225 
15227 
39805 
97152 
31617 
39809 
97155 
72579 
72580 
97157 
97160 
48014 
23440 
23443 
56212 
97173 
15255 
97176 
97179 
15259 
72606 
105375 
105376 
39843 
7076 
31654 
56244 
23477 
48053 
56246 
72631 
23481 
15289 
105402 
72634 
105403 
72636 
72639 
31686 
7112 
7115 
97228 
72652 
39884 
97229 
72655 
72658 
80854 
80855 
48087 
48090 
56283 
23515 
15326 
97254 
72680 
39916 
7149 
31725 
39918 
105456 
80881 
7153 
80882 
105459 
113654 
105462 
105465 
56313 
48124 
56317 
15358 
48128 
23556 
105477 
105480 
105485 
31759 
31762 
7187 
39955 
56345 
56350 
23588 
48164 
15397 
23590 
80935 
80938 
80941 
80944 
39985 
105524 
31796 
105525 
39989 
56376 
31800 
80956 
7228 
56381 
80959 
105540 
80964 
105541 
113734 
15431 
15434 
23627 
40017 
56405 
40022 
56408 
56410 
7260 
31836 
7262 
89190 
89191 
23657 
81003 
81004 
15468 
23661 
56432 
15472 
40048 
40053 
48245 
89206 
56438 
81019 
81020 
7299 
56456 
23689 
40077 
23694 
56463 
56464 
40080 
40082 
15508 
48281 
89242 
56476 
89245 
56477 
48285 
89247 
7329 
89250 
56485 
7333 
56488 
23720 
40104 
56489 
56491 
56492 
23725 
31917 
40110 
89263 
56495 
89266 
56499 
89269 
97465 
97466 
40128 
7361 
48321 
23749 
48325 
7366 
40135 
23752 
40136 
23754 
31953 
97492 
40148 
97493 
56533 
31957 
40149 
56536 
56537 
56539 
56540 
40157 
56543 
23776 
7392 
40160 
40161 
40162 
40163 
40164 
56549 
15589 
7397 
89318 
56550 
23782 
89319 
40167 
48361 
40171 
48365 
72944 
72945 
56562 
56563 
23800 
56569 
31993 
7421 
31997 
23807 
89344 
23808 
7424 
7426 
15625 
97546 
72971 
56587 
72972 
23820 
97549 
23821 
15629 
40205 
56591 
97552 
40208 
40209 
48401 
40210 
97555 
40211 
40212 
23829 
48405 
40215 
23832 
7448 
23833 
23834 
23835 
23836 
40221 
7454 
40222 
97567 
23839 
32033 
97570 
23843 
56613 
32037 
97575 
56617 
40234 
40235 
7472 
15665 
40241 
15669 
7479 
7480 
48441 
73025 
56641 
40259 
73028 
7492 
56645 
23877 
7493 
73031 
40263 
23880 
105801 
23881 
32073 
105802 
73034 
23882 
23883 
23884 
7501 
32077 
97614 
97615 
23887 
7504 
7505 
7506 
7507 
7508 
23893 
73046 
23894 
7511 
105817 
73049 
15705 
7515 
15709 
40285 
97630 
73054 
97631 
56671 
56673 
40289 
23906 
56675 
23907 
23913 
32113 
40313 
23931 
105853 
7549 
40317 
56703 
23935 
105856 
81280 
7552 
81281 
15745 
7553 
105858 
7554 
56707 
7555 
7556 
105861 
73093 
15749 
73094 
7559 
48524 
7565 
7566 
81296 
105874 
105877 
73109 
23957 
73110 
40343 
105880 
23961 
40345 
7578 
7579 
40347 
56737 
7585 
15785 
48560 
23985 
7603 
48563 
81332 
23989 
81335 
7607 
40375 
81337 
40379 
81340 
32196 
56774 
105929 
81353 
105930 
81356 
7629 
81359 
24015 
24017 
7633 
89555 
24019 
89556 
48597 
40409 
48601 
105955 
56806 
32232 
7657 
32235 
7661 
89582 
89583 
24047 
24051 
48635 
15868 
40446 
81408 
81409 
7687 
114184 
7689 
7691 
56845 
32269 
24081 
32273 
81434 
40478 
15904 
15907 
89636 
48676 
89639 
7719 
89642 
7723 
89645 
56879 
56882 
32307 
24118 
89657 
89660 
89665 
48708 
15941 
40517 
48710 
15945 
7753 
56916 
24150 
56920 
32348 
97891 
97892 
40551 
89704 
89705 
40554 
15979 
48747 
7790 
97907 
89720 
89721 
56956 
32380 
24189 
32382 
48777 
40588 
48781 
7822 
40592 
16020 
97943 
97946 
73370 
73371 
97948 
97951 
24223 
24226 
32419 
48809 
73386 
97964 
48814 
97967 
97970 
16052 
40628 
7861 
106166 
16054 
106167 
32449 
24260 
32453 
24264 
48840 
57037 
48845 
73422 
106193 
73425 
106194 
73427 
73430 
7895 
7898 
16091 
32481 
98019 
73443 
98020 
48869 
73446 
32486 
48872 
73449 
48874 
24300 
81645 
81646 
57073 
57077 
16121 
7932 
98045 
16125 
7936 
32512 
48896 
32517 
40709 
48902 
106247 
81672 
81673 
106250 
106253 
106256 
48920 
57113 
16153 
73498 
73499 
106268 
32541 
16158 
106271 
48927 
32544 
48928 
32546 
106276 
7972 
40745 
48940 
40749 
48941 
73524 
48949 
16184 
32568 
48952 
48953 
48954 
48955 
48956 
24381 
16189 
81726 
32574 
48959 
81729 
48963 
81732 
57157 
81735 
106315 
106316 
32592 
40785 
81747 
16213 
40789 
81750 
32599 
16216 
32600 
16218 
106331 
81755 
106332 
24417 
32612 
24421 
32613 
48997 
49000 
57193 
49001 
49002 
49003 
49004 
57197 
32621 
49007 
16240 
32624 
32625 
32626 
32627 
32628 
8053 
49013 
16246 
49014 
32631 
40825 
32635 
89981 
40829 
89982 
81794 
49026 
81795 
49027 
16264 
24457 
49033 
89997 
24461 
16271 
16272 
57233 
81810 
81811 
8089 
49051 
16284 
16285 
8093 
32669 
49055 
32672 
32673 
40865 
32674 
32675 
32676 
16293 
40869 
32679 
16296 
16297 
16298 
16299 
16300 
32685 
32686 
16303 
90033 
24497 
16307 
90036 
24501 
49077 
90038 
90041 
49081 
32698 
32699 
8129 
32705 
8133 
90054 
90057 
40905 
90060 
98256 
98257 
49105 
32723 
16341 
49109 
32727 
16344 
24537 
16345 
16346 
16347 
16348 
24541 
16351 
57316 
16357 
16358 
8169 
98283 
98284 
8173 
32749 
49135 
32753 
49137 
16370 
16371 
49139 
16377 
90109 
90110 
)

// ************************************************************************* //
